version https://git-lfs.github.com/spec/v1
oid sha256:f3e423e26bdf55e0829b765770df879c93b8d5b7dc17fb1473203d271a8b0230
size 4831931
