version https://git-lfs.github.com/spec/v1
oid sha256:37b5d8dbab2be096e57e37e956444f2d8c518e5a8949904baace401840431ff0
size 5184
